var_name,constant_write,var_write,read
__abi_tag,0,0,0
completed.0,0,0,0
__do_global_dtor[...],0,0,0
__frame_dummy_in[...],0,0,0
crc32_tab,0,0,0
crc32_context,0,4,42
__undefined,0,0,0
g_5,0,0,2
g_7,1,1,0
g_9,1,1,4
g_8,0,1,2
g_57,0,0,0
g_61,0,0,1
g_77,0,0,1
g_82,0,0,0
g_97,0,0,1
g_106,0,0,0
g_131,0,0,0
g_134,0,0,0
g_152,0,0,0
g_219,0,0,1
g_222,0,0,1
g_223,0,0,1
g_224,0,0,1
g_248,0,0,0
g_355,0,0,0
g_403,0,0,0
g_415,0,0,0
g_422,0,0,0
g_441,0,0,0
g_440,0,0,0
g_503,0,0,0
g_601,0,0,1
g_736,0,0,0
g_743,0,0,0
g_758,0,0,1
g_774,0,0,0
g_874,0,0,0
g_924,0,0,0
g_923,0,0,0
g_1000,0,0,1
g_1019,0,0,0
g_1018,0,0,0
g_1017,0,0,0
g_1037,0,0,0
g_1050,0,0,0
g_1049,0,0,0
g_1097,0,0,1
g_1104,0,0,1
g_1190,0,0,1
g_1244,0,0,0
g_1270,0,0,1
g_1308,0,0,0
g_1354,0,0,0
__PRETTY_FUNCTION__.4,0,0,0
__PRETTY_FUNCTION__.3,0,0,0
__PRETTY_FUNCTION__.2,0,0,0
__PRETTY_FUNCTION__.1,0,0,0
__PRETTY_FUNCTION__.0,0,0,0
__FRAME_END__,0,0,0
_DYNAMIC,0,0,0
_GLOBAL_OFFSET_TABLE_,0,0,0
_IO_stdin_used,0,0,0
